7 4 
28 4 
40 4 
55 4 
65 4 
70 4 
73 4 
82 6 
83 4 
86 4 
98 4 
99 4 
105 6 
106 4 
136 4 
145 4 
155 6 
156 4 
186 4 
194 4 
223 4 
231 4 
276 6 
277 4 
287 4 
302 4 
336 6 
337 4 
344 4 
352 4 
385 4 
401 4 
406 4 
407 10 
408 8 
409 6 
410 4 
414 8 
415 4 
415 6 
416 4 
417 4 
430 4 
433 4 
434 4 
444 4 
464 4 
478 6 
479 4 
517 4 
532 4 
541 4 
550 4 
573 4 
573 6 
574 4 
574 6 
575 4 
576 4 
580 4 
585 4 
588 4 
589 4 
594 4 
655 4 
659 4 
668 4 
670 4 
684 4 
701 4 
703 4 
715 6 
716 4 
719 6 
720 4 
735 4 
756 4 
769 6 
770 4 
780 4 
783 4 
785 4 
791 4 
792 4 
799 8 
800 6 
801 4 
806 10 
807 8 
808 4 
808 6 
809 4 
810 4 
821 4 
